id,rmsf
1,0.5714836120605469
2,0.5215997099876404
3,0.4467045068740845
4,0.48213499784469604
5,0.42443543672561646
6,0.4212462604045868
7,0.3927744925022125
8,0.3938888609409332
9,0.40530696511268616
10,0.45468804240226746
11,0.4611012041568756
12,0.4879351258277893
13,0.6104283928871155
14,0.598659873008728
15,0.5654997825622559
16,0.7780266404151917
17,0.6206778883934021
18,0.6430370807647705
19,0.5725512504577637
20,0.5389900207519531
21,0.5379149317741394
22,0.49714750051498413
23,0.5284528136253357
24,0.5267664194107056
25,0.4909713864326477
26,0.5087828040122986
27,0.43708086013793945
28,0.4775114357471466
29,0.47985848784446716
30,0.5410912036895752
31,0.5746435523033142
32,0.5968355536460876
33,0.596709132194519
34,0.5550985336303711
35,0.5191770195960999
36,0.5297412872314453
37,0.5389954447746277
38,0.460549920797348
39,0.466927170753479
40,0.4928249716758728
41,0.5219703316688538
42,0.5549817681312561
43,0.4901011288166046
44,0.5728617310523987
45,0.5701760649681091
46,0.5751597285270691
47,0.6569815278053284
48,0.56952303647995
49,0.5686958432197571
50,0.5037193298339844
51,0.4703621566295624
52,0.4590725004673004
53,0.43509846925735474
54,0.4987274706363678
55,0.47247806191444397
56,0.5503761172294617
57,0.6143447160720825
58,0.4665266275405884
59,0.4741743206977844
60,0.49938929080963135
61,0.5750974416732788
62,0.42858248949050903
63,0.39536306262016296
64,0.4462827146053314
65,0.6833430528640747
66,0.6094511151313782
67,0.8675670623779297
68,0.7455978989601135
69,0.6026135683059692
70,0.9941002130508423
71,0.7841288447380066
72,0.5434151291847229
73,0.4263787865638733
74,0.43663033843040466
75,0.44531911611557007
76,0.5062118172645569
77,0.5208495259284973
78,0.6003428101539612
79,0.5186882019042969
80,0.4545610547065735
81,0.5963931083679199
82,0.5550986528396606
83,0.444154292345047
84,0.4559551477432251
85,0.4605683386325836
86,0.5271736979484558
87,0.5444355607032776
88,0.46919360756874084
89,0.4785546660423279
90,0.447867214679718
91,0.41627708077430725
92,0.43540728092193604
93,0.4446460008621216
94,0.44786152243614197
95,0.4948631823062897
96,0.5600072741508484
97,0.5796779990196228
98,0.5023838877677917
99,0.5356653928756714
100,0.6002228260040283
101,0.5647291541099548
102,0.6333158612251282
103,0.566411554813385
104,0.5897209048271179
105,0.49531108140945435
106,0.5144376158714294
107,0.5361773371696472
108,0.5448471903800964
109,0.5108636617660522
110,0.5228978991508484
111,0.5004546046257019
112,0.4015597105026245
113,0.5076689124107361
114,0.5889737606048584
115,0.6209339499473572
116,0.5868561267852783
117,0.869148850440979
118,0.636559247970581
119,0.5151585936546326
120,0.5902066826820374
121,0.630374550819397
122,0.7491593360900879
123,0.7959521412849426
124,0.6188499927520752
125,0.5552474856376648
126,0.4711563289165497
127,0.38738375902175903
128,0.453281432390213
129,0.5477135181427002
